(kicad_pcb (version 20171130) (host pcbnew "(5.0.0)")

  (general
    (thickness 1.6)
    (drawings 9)
    (tracks 170)
    (zones 0)
    (modules 32)
    (nets 34)
  )

  (page A4)
  (layers
    (0 F.Cu signal)
    (31 B.Cu signal)
    (32 B.Adhes user)
    (33 F.Adhes user)
    (34 B.Paste user hide)
    (35 F.Paste user hide)
    (36 B.SilkS user)
    (37 F.SilkS user)
    (38 B.Mask user)
    (39 F.Mask user)
    (40 Dwgs.User user)
    (41 Cmts.User user)
    (42 Eco1.User user)
    (43 Eco2.User user)
    (44 Edge.Cuts user)
    (45 Margin user)
    (46 B.CrtYd user)
    (47 F.CrtYd user)
    (48 B.Fab user)
    (49 F.Fab user hide)
  )

  (setup
    (last_trace_width 0.2)
    (user_trace_width 0.3)
    (user_trace_width 0.5)
    (user_trace_width 0.75)
    (user_trace_width 1)
    (user_trace_width 1.5)
    (user_trace_width 2)
    (user_trace_width 2.5)
    (user_trace_width 3)
    (trace_clearance 0.2)
    (zone_clearance 0.2)
    (zone_45_only no)
    (trace_min 0.2)
    (segment_width 0.2)
    (edge_width 0.15)
    (via_size 0.8)
    (via_drill 0.4)
    (via_min_size 0.4)
    (via_min_drill 0.3)
    (user_via 0.5 0.3)
    (user_via 2 0.7)
    (uvia_size 0.3)
    (uvia_drill 0.1)
    (uvias_allowed no)
    (uvia_min_size 0.2)
    (uvia_min_drill 0.1)
    (pcb_text_width 0.3)
    (pcb_text_size 1.5 1.5)
    (mod_edge_width 0.15)
    (mod_text_size 1 1)
    (mod_text_width 0.15)
    (pad_size 2.6 2.6)
    (pad_drill 0)
    (pad_to_mask_clearance 0.2)
    (aux_axis_origin 0 0)
    (visible_elements 7FFFFFFF)
    (pcbplotparams
      (layerselection 0x010fc_ffffffff)
      (usegerberextensions false)
      (usegerberattributes false)
      (usegerberadvancedattributes false)
      (creategerberjobfile false)
      (excludeedgelayer true)
      (linewidth 0.100000)
      (plotframeref false)
      (viasonmask false)
      (mode 1)
      (useauxorigin false)
      (hpglpennumber 1)
      (hpglpenspeed 20)
      (hpglpendiameter 15.000000)
      (psnegative false)
      (psa4output false)
      (plotreference true)
      (plotvalue true)
      (plotinvisibletext false)
      (padsonsilk false)
      (subtractmaskfromsilk false)
      (outputformat 1)
      (mirror false)
      (drillshape 1)
      (scaleselection 1)
      (outputdirectory ""))
  )

  (net 0 "")
  (net 1 "Net-(C2-Pad1)")
  (net 2 VIN)
  (net 3 GND)
  (net 4 "Net-(C9-Pad2)")
  (net 5 VPOS)
  (net 6 VNEG)
  (net 7 "Net-(C7-Pad1)")
  (net 8 "Net-(C6-Pad1)")
  (net 9 -5V)
  (net 10 "Net-(D1-Pad2)")
  (net 11 "Net-(U1-Pad7)")
  (net 12 "Net-(U1-Pad12)")
  (net 13 "Net-(D2-Pad1)")
  (net 14 "Net-(C8-Pad1)")
  (net 15 "Net-(U1-Pad20)")
  (net 16 "Net-(C5-Pad1)")
  (net 17 +5V)
  (net 18 "Net-(J1-PadA2)")
  (net 19 "Net-(J1-PadA3)")
  (net 20 "Net-(J1-PadA5)")
  (net 21 "Net-(J1-PadA6)")
  (net 22 "Net-(J1-PadA7)")
  (net 23 "Net-(J1-PadA10)")
  (net 24 "Net-(J1-PadA8)")
  (net 25 "Net-(J1-PadA11)")
  (net 26 "Net-(J1-PadB6)")
  (net 27 "Net-(J1-PadB7)")
  (net 28 "Net-(J1-PadB2)")
  (net 29 "Net-(J1-PadB3)")
  (net 30 "Net-(J1-PadB5)")
  (net 31 "Net-(J1-PadB8)")
  (net 32 "Net-(J1-PadB10)")
  (net 33 "Net-(J1-PadB11)")

  (net_class Default "This is the default net class."
    (clearance 0.2)
    (trace_width 0.2)
    (via_dia 0.8)
    (via_drill 0.4)
    (uvia_dia 0.3)
    (uvia_drill 0.1)
    (add_net +5V)
    (add_net -5V)
    (add_net GND)
    (add_net "Net-(C2-Pad1)")
    (add_net "Net-(C5-Pad1)")
    (add_net "Net-(C6-Pad1)")
    (add_net "Net-(C7-Pad1)")
    (add_net "Net-(C8-Pad1)")
    (add_net "Net-(C9-Pad2)")
    (add_net "Net-(D1-Pad2)")
    (add_net "Net-(D2-Pad1)")
    (add_net "Net-(J1-PadA10)")
    (add_net "Net-(J1-PadA11)")
    (add_net "Net-(J1-PadA2)")
    (add_net "Net-(J1-PadA3)")
    (add_net "Net-(J1-PadA5)")
    (add_net "Net-(J1-PadA6)")
    (add_net "Net-(J1-PadA7)")
    (add_net "Net-(J1-PadA8)")
    (add_net "Net-(J1-PadB10)")
    (add_net "Net-(J1-PadB11)")
    (add_net "Net-(J1-PadB2)")
    (add_net "Net-(J1-PadB3)")
    (add_net "Net-(J1-PadB5)")
    (add_net "Net-(J1-PadB6)")
    (add_net "Net-(J1-PadB7)")
    (add_net "Net-(J1-PadB8)")
    (add_net "Net-(U1-Pad12)")
    (add_net "Net-(U1-Pad20)")
    (add_net "Net-(U1-Pad7)")
    (add_net VIN)
    (add_net VNEG)
    (add_net VPOS)
  )

  (module Capacitor_SMD:C_1210_3225Metric (layer F.Cu) (tedit 5B301BBE) (tstamp 5B8F18A9)
    (at 119.634 108.969 90)
    (descr "Capacitor SMD 1210 (3225 Metric), square (rectangular) end terminal, IPC_7351 nominal, (Body size source: http://www.tortai-tech.com/upload/download/2011102023233369053.pdf), generated with kicad-footprint-generator")
    (tags capacitor)
    (path /5B80BA22)
    (attr smd)
    (fp_text reference C16 (at -2.791 0 180) (layer F.SilkS)
      (effects (font (size 1 1) (thickness 0.15)))
    )
    (fp_text value 4.7uF (at 0 2.28 90) (layer F.Fab)
      (effects (font (size 1 1) (thickness 0.15)))
    )
    (fp_text user %R (at 0 0 90) (layer F.Fab)
      (effects (font (size 0.8 0.8) (thickness 0.12)))
    )
    (fp_line (start 2.28 1.58) (end -2.28 1.58) (layer F.CrtYd) (width 0.05))
    (fp_line (start 2.28 -1.58) (end 2.28 1.58) (layer F.CrtYd) (width 0.05))
    (fp_line (start -2.28 -1.58) (end 2.28 -1.58) (layer F.CrtYd) (width 0.05))
    (fp_line (start -2.28 1.58) (end -2.28 -1.58) (layer F.CrtYd) (width 0.05))
    (fp_line (start -0.602064 1.36) (end 0.602064 1.36) (layer F.SilkS) (width 0.12))
    (fp_line (start -0.602064 -1.36) (end 0.602064 -1.36) (layer F.SilkS) (width 0.12))
    (fp_line (start 1.6 1.25) (end -1.6 1.25) (layer F.Fab) (width 0.1))
    (fp_line (start 1.6 -1.25) (end 1.6 1.25) (layer F.Fab) (width 0.1))
    (fp_line (start -1.6 -1.25) (end 1.6 -1.25) (layer F.Fab) (width 0.1))
    (fp_line (start -1.6 1.25) (end -1.6 -1.25) (layer F.Fab) (width 0.1))
    (pad 2 smd roundrect (at 1.4 0 90) (size 1.25 2.65) (layers F.Cu F.Paste F.Mask) (roundrect_rratio 0.2)
      (net 3 GND))
    (pad 1 smd roundrect (at -1.4 0 90) (size 1.25 2.65) (layers F.Cu F.Paste F.Mask) (roundrect_rratio 0.2)
      (net 5 VPOS))
    (model ${KISYS3DMOD}/Capacitor_SMD.3dshapes/C_1210_3225Metric.wrl
      (at (xyz 0 0 0))
      (scale (xyz 1 1 1))
      (rotate (xyz 0 0 0))
    )
  )

  (module Capacitor_SMD:C_1210_3225Metric (layer F.Cu) (tedit 5B301BBE) (tstamp 5B8F18BA)
    (at 115.951 97.031 270)
    (descr "Capacitor SMD 1210 (3225 Metric), square (rectangular) end terminal, IPC_7351 nominal, (Body size source: http://www.tortai-tech.com/upload/download/2011102023233369053.pdf), generated with kicad-footprint-generator")
    (tags capacitor)
    (path /5B82C08B)
    (attr smd)
    (fp_text reference C15 (at -3.051 0) (layer F.SilkS)
      (effects (font (size 1 1) (thickness 0.15)))
    )
    (fp_text value 4.7uF (at 0 2.28 270) (layer F.Fab)
      (effects (font (size 1 1) (thickness 0.15)))
    )
    (fp_line (start -1.6 1.25) (end -1.6 -1.25) (layer F.Fab) (width 0.1))
    (fp_line (start -1.6 -1.25) (end 1.6 -1.25) (layer F.Fab) (width 0.1))
    (fp_line (start 1.6 -1.25) (end 1.6 1.25) (layer F.Fab) (width 0.1))
    (fp_line (start 1.6 1.25) (end -1.6 1.25) (layer F.Fab) (width 0.1))
    (fp_line (start -0.602064 -1.36) (end 0.602064 -1.36) (layer F.SilkS) (width 0.12))
    (fp_line (start -0.602064 1.36) (end 0.602064 1.36) (layer F.SilkS) (width 0.12))
    (fp_line (start -2.28 1.58) (end -2.28 -1.58) (layer F.CrtYd) (width 0.05))
    (fp_line (start -2.28 -1.58) (end 2.28 -1.58) (layer F.CrtYd) (width 0.05))
    (fp_line (start 2.28 -1.58) (end 2.28 1.58) (layer F.CrtYd) (width 0.05))
    (fp_line (start 2.28 1.58) (end -2.28 1.58) (layer F.CrtYd) (width 0.05))
    (fp_text user %R (at 0 0 270) (layer F.Fab)
      (effects (font (size 0.8 0.8) (thickness 0.12)))
    )
    (pad 1 smd roundrect (at -1.4 0 270) (size 1.25 2.65) (layers F.Cu F.Paste F.Mask) (roundrect_rratio 0.2)
      (net 6 VNEG))
    (pad 2 smd roundrect (at 1.4 0 270) (size 1.25 2.65) (layers F.Cu F.Paste F.Mask) (roundrect_rratio 0.2)
      (net 3 GND))
    (model ${KISYS3DMOD}/Capacitor_SMD.3dshapes/C_1210_3225Metric.wrl
      (at (xyz 0 0 0))
      (scale (xyz 1 1 1))
      (rotate (xyz 0 0 0))
    )
  )

  (module Capacitor_SMD:C_1210_3225Metric (layer F.Cu) (tedit 5B301BBE) (tstamp 5B8F18DC)
    (at 126.238 108.969 90)
    (descr "Capacitor SMD 1210 (3225 Metric), square (rectangular) end terminal, IPC_7351 nominal, (Body size source: http://www.tortai-tech.com/upload/download/2011102023233369053.pdf), generated with kicad-footprint-generator")
    (tags capacitor)
    (path /5B7E781E)
    (attr smd)
    (fp_text reference C12 (at -2.791 0 180) (layer F.SilkS)
      (effects (font (size 1 1) (thickness 0.15)))
    )
    (fp_text value 4.7uF (at 0 2.28 90) (layer F.Fab)
      (effects (font (size 1 1) (thickness 0.15)))
    )
    (fp_line (start -1.6 1.25) (end -1.6 -1.25) (layer F.Fab) (width 0.1))
    (fp_line (start -1.6 -1.25) (end 1.6 -1.25) (layer F.Fab) (width 0.1))
    (fp_line (start 1.6 -1.25) (end 1.6 1.25) (layer F.Fab) (width 0.1))
    (fp_line (start 1.6 1.25) (end -1.6 1.25) (layer F.Fab) (width 0.1))
    (fp_line (start -0.602064 -1.36) (end 0.602064 -1.36) (layer F.SilkS) (width 0.12))
    (fp_line (start -0.602064 1.36) (end 0.602064 1.36) (layer F.SilkS) (width 0.12))
    (fp_line (start -2.28 1.58) (end -2.28 -1.58) (layer F.CrtYd) (width 0.05))
    (fp_line (start -2.28 -1.58) (end 2.28 -1.58) (layer F.CrtYd) (width 0.05))
    (fp_line (start 2.28 -1.58) (end 2.28 1.58) (layer F.CrtYd) (width 0.05))
    (fp_line (start 2.28 1.58) (end -2.28 1.58) (layer F.CrtYd) (width 0.05))
    (fp_text user %R (at 0 0 90) (layer F.Fab)
      (effects (font (size 0.8 0.8) (thickness 0.12)))
    )
    (pad 1 smd roundrect (at -1.4 0 90) (size 1.25 2.65) (layers F.Cu F.Paste F.Mask) (roundrect_rratio 0.2)
      (net 5 VPOS))
    (pad 2 smd roundrect (at 1.4 0 90) (size 1.25 2.65) (layers F.Cu F.Paste F.Mask) (roundrect_rratio 0.2)
      (net 3 GND))
    (model ${KISYS3DMOD}/Capacitor_SMD.3dshapes/C_1210_3225Metric.wrl
      (at (xyz 0 0 0))
      (scale (xyz 1 1 1))
      (rotate (xyz 0 0 0))
    )
  )

  (module Resistor_SMD:R_0603_1608Metric (layer F.Cu) (tedit 5B301BBD) (tstamp 5B8F1765)
    (at 126.365 98.7805 90)
    (descr "Resistor SMD 0603 (1608 Metric), square (rectangular) end terminal, IPC_7351 nominal, (Body size source: http://www.tortai-tech.com/upload/download/2011102023233369053.pdf), generated with kicad-footprint-generator")
    (tags resistor)
    (path /5B7C9EE7)
    (attr smd)
    (fp_text reference R3 (at -0.7875 -1.778 180) (layer F.SilkS)
      (effects (font (size 1 1) (thickness 0.15)))
    )
    (fp_text value 665K (at 0 1.43 90) (layer F.Fab)
      (effects (font (size 1 1) (thickness 0.15)))
    )
    (fp_text user %R (at 0 0 90) (layer F.Fab)
      (effects (font (size 0.4 0.4) (thickness 0.06)))
    )
    (fp_line (start 1.48 0.73) (end -1.48 0.73) (layer F.CrtYd) (width 0.05))
    (fp_line (start 1.48 -0.73) (end 1.48 0.73) (layer F.CrtYd) (width 0.05))
    (fp_line (start -1.48 -0.73) (end 1.48 -0.73) (layer F.CrtYd) (width 0.05))
    (fp_line (start -1.48 0.73) (end -1.48 -0.73) (layer F.CrtYd) (width 0.05))
    (fp_line (start -0.162779 0.51) (end 0.162779 0.51) (layer F.SilkS) (width 0.12))
    (fp_line (start -0.162779 -0.51) (end 0.162779 -0.51) (layer F.SilkS) (width 0.12))
    (fp_line (start 0.8 0.4) (end -0.8 0.4) (layer F.Fab) (width 0.1))
    (fp_line (start 0.8 -0.4) (end 0.8 0.4) (layer F.Fab) (width 0.1))
    (fp_line (start -0.8 -0.4) (end 0.8 -0.4) (layer F.Fab) (width 0.1))
    (fp_line (start -0.8 0.4) (end -0.8 -0.4) (layer F.Fab) (width 0.1))
    (pad 2 smd roundrect (at 0.7875 0 90) (size 0.875 0.95) (layers F.Cu F.Paste F.Mask) (roundrect_rratio 0.25)
      (net 6 VNEG))
    (pad 1 smd roundrect (at -0.7875 0 90) (size 0.875 0.95) (layers F.Cu F.Paste F.Mask) (roundrect_rratio 0.25)
      (net 7 "Net-(C7-Pad1)"))
    (model ${KISYS3DMOD}/Resistor_SMD.3dshapes/R_0603_1608Metric.wrl
      (at (xyz 0 0 0))
      (scale (xyz 1 1 1))
      (rotate (xyz 0 0 0))
    )
  )

  (module Inductor_SMD:L_7.3x7.3_H3.5 (layer F.Cu) (tedit 5990349C) (tstamp 5B8F182A)
    (at 140.233 106.045 180)
    (descr "Choke, SMD, 7.3x7.3mm 3.5mm height")
    (tags "Choke SMD")
    (path /5B7CBADC)
    (attr smd)
    (fp_text reference L1 (at -4.928 -2.413) (layer F.SilkS)
      (effects (font (size 1 1) (thickness 0.15)))
    )
    (fp_text value 2.2uH (at 0 4.45 180) (layer F.Fab)
      (effects (font (size 1 1) (thickness 0.15)))
    )
    (fp_arc (start 0 0) (end -2.29 -2.29) (angle 90) (layer F.Fab) (width 0.1))
    (fp_arc (start 0 0) (end 2.29 2.29) (angle 90) (layer F.Fab) (width 0.1))
    (fp_line (start -3.65 -3.65) (end 3.65 -3.65) (layer F.Fab) (width 0.1))
    (fp_line (start 3.65 3.65) (end -3.65 3.65) (layer F.Fab) (width 0.1))
    (fp_line (start -3.65 -3.65) (end -3.65 -1.4) (layer F.Fab) (width 0.1))
    (fp_line (start -3.65 3.65) (end -3.65 1.4) (layer F.Fab) (width 0.1))
    (fp_line (start 3.65 -3.65) (end 3.65 -1.4) (layer F.Fab) (width 0.1))
    (fp_line (start 3.65 3.65) (end 3.65 1.4) (layer F.Fab) (width 0.1))
    (fp_line (start 4.2 -3.9) (end -4.2 -3.9) (layer F.CrtYd) (width 0.05))
    (fp_line (start 4.2 3.9) (end 4.2 -3.9) (layer F.CrtYd) (width 0.05))
    (fp_line (start -4.2 3.9) (end 4.2 3.9) (layer F.CrtYd) (width 0.05))
    (fp_line (start -4.2 -3.9) (end -4.2 3.9) (layer F.CrtYd) (width 0.05))
    (fp_line (start 3.7 -3.7) (end 3.7 -1.4) (layer F.SilkS) (width 0.12))
    (fp_line (start -3.7 -3.7) (end 3.7 -3.7) (layer F.SilkS) (width 0.12))
    (fp_line (start -3.7 -1.4) (end -3.7 -3.7) (layer F.SilkS) (width 0.12))
    (fp_line (start -3.7 3.7) (end -3.7 1.4) (layer F.SilkS) (width 0.12))
    (fp_line (start 3.7 3.7) (end -3.7 3.7) (layer F.SilkS) (width 0.12))
    (fp_line (start 3.7 1.4) (end 3.7 3.7) (layer F.SilkS) (width 0.12))
    (fp_text user %R (at -0.1 -0.01 180) (layer F.Fab)
      (effects (font (size 1 1) (thickness 0.15)))
    )
    (pad 2 smd rect (at 3.2 0 180) (size 1.5 2.2) (layers F.Cu F.Paste F.Mask)
      (net 10 "Net-(D1-Pad2)"))
    (pad 1 smd rect (at -3.2 0 180) (size 1.5 2.2) (layers F.Cu F.Paste F.Mask)
      (net 2 VIN))
    (model ${KISYS3DMOD}/Inductor_SMD.3dshapes/L_7.3x7.3_H3.5.wrl
      (at (xyz 0 0 0))
      (scale (xyz 1 1 1))
      (rotate (xyz 0 0 0))
    )
  )

  (module Package_DFN_QFN:QFN-24-1EP_4x4mm_P0.5mm_EP2.6x2.6mm (layer F.Cu) (tedit 5B82A454) (tstamp 5B8F17F8)
    (at 132.08 100.457 180)
    (descr "QFN, 24 Pin (http://ww1.microchip.com/downloads/en/PackagingSpec/00000049BQ.pdf (Page 278)), generated with kicad-footprint-generator ipc_dfn_qfn_generator.py")
    (tags "QFN DFN_QFN")
    (path /5B7C051A)
    (attr smd)
    (fp_text reference U1 (at -3.048 -3.048) (layer F.SilkS)
      (effects (font (size 1 1) (thickness 0.15)))
    )
    (fp_text value TPS6513x (at 0 3.3 180) (layer F.Fab)
      (effects (font (size 1 1) (thickness 0.15)))
    )
    (fp_line (start 1.635 -2.11) (end 2.11 -2.11) (layer F.SilkS) (width 0.12))
    (fp_line (start 2.11 -2.11) (end 2.11 -1.635) (layer F.SilkS) (width 0.12))
    (fp_line (start -1.635 2.11) (end -2.11 2.11) (layer F.SilkS) (width 0.12))
    (fp_line (start -2.11 2.11) (end -2.11 1.635) (layer F.SilkS) (width 0.12))
    (fp_line (start 1.635 2.11) (end 2.11 2.11) (layer F.SilkS) (width 0.12))
    (fp_line (start 2.11 2.11) (end 2.11 1.635) (layer F.SilkS) (width 0.12))
    (fp_line (start -1.635 -2.11) (end -2.11 -2.11) (layer F.SilkS) (width 0.12))
    (fp_line (start -1 -2) (end 2 -2) (layer F.Fab) (width 0.1))
    (fp_line (start 2 -2) (end 2 2) (layer F.Fab) (width 0.1))
    (fp_line (start 2 2) (end -2 2) (layer F.Fab) (width 0.1))
    (fp_line (start -2 2) (end -2 -1) (layer F.Fab) (width 0.1))
    (fp_line (start -2 -1) (end -1 -2) (layer F.Fab) (width 0.1))
    (fp_line (start -2.6 -2.6) (end -2.6 2.6) (layer F.CrtYd) (width 0.05))
    (fp_line (start -2.6 2.6) (end 2.6 2.6) (layer F.CrtYd) (width 0.05))
    (fp_line (start 2.6 2.6) (end 2.6 -2.6) (layer F.CrtYd) (width 0.05))
    (fp_line (start 2.6 -2.6) (end -2.6 -2.6) (layer F.CrtYd) (width 0.05))
    (fp_text user %R (at 0 0 180) (layer F.Fab)
      (effects (font (size 1 1) (thickness 0.15)))
    )
    (pad 25 smd roundrect (at 0 0 180) (size 2.6 2.6) (layers F.Cu F.Mask) (roundrect_rratio 0.096)
      (net 3 GND))
    (pad "" smd roundrect (at -0.65 -0.65 180) (size 1.05 1.05) (layers F.Paste) (roundrect_rratio 0.238095))
    (pad "" smd roundrect (at -0.65 0.65 180) (size 1.05 1.05) (layers F.Paste) (roundrect_rratio 0.238095))
    (pad "" smd roundrect (at 0.65 -0.65 180) (size 1.05 1.05) (layers F.Paste) (roundrect_rratio 0.238095))
    (pad "" smd roundrect (at 0.65 0.65 180) (size 1.05 1.05) (layers F.Paste) (roundrect_rratio 0.238095))
    (pad 1 smd roundrect (at -1.9375 -1.25 180) (size 0.825 0.25) (layers F.Cu F.Paste F.Mask) (roundrect_rratio 0.25)
      (net 10 "Net-(D1-Pad2)"))
    (pad 2 smd roundrect (at -1.9375 -0.75 180) (size 0.825 0.25) (layers F.Cu F.Paste F.Mask) (roundrect_rratio 0.25)
      (net 3 GND))
    (pad 3 smd roundrect (at -1.9375 -0.25 180) (size 0.825 0.25) (layers F.Cu F.Paste F.Mask) (roundrect_rratio 0.25)
      (net 3 GND))
    (pad 4 smd roundrect (at -1.9375 0.25 180) (size 0.825 0.25) (layers F.Cu F.Paste F.Mask) (roundrect_rratio 0.25)
      (net 1 "Net-(C2-Pad1)"))
    (pad 5 smd roundrect (at -1.9375 0.75 180) (size 0.825 0.25) (layers F.Cu F.Paste F.Mask) (roundrect_rratio 0.25)
      (net 2 VIN))
    (pad 6 smd roundrect (at -1.9375 1.25 180) (size 0.825 0.25) (layers F.Cu F.Paste F.Mask) (roundrect_rratio 0.25)
      (net 2 VIN))
    (pad 7 smd roundrect (at -1.25 1.9375 180) (size 0.25 0.825) (layers F.Cu F.Paste F.Mask) (roundrect_rratio 0.25)
      (net 11 "Net-(U1-Pad7)"))
    (pad 8 smd roundrect (at -0.75 1.9375 180) (size 0.25 0.825) (layers F.Cu F.Paste F.Mask) (roundrect_rratio 0.25)
      (net 1 "Net-(C2-Pad1)"))
    (pad 9 smd roundrect (at -0.25 1.9375 180) (size 0.25 0.825) (layers F.Cu F.Paste F.Mask) (roundrect_rratio 0.25)
      (net 1 "Net-(C2-Pad1)"))
    (pad 10 smd roundrect (at 0.25 1.9375 180) (size 0.25 0.825) (layers F.Cu F.Paste F.Mask) (roundrect_rratio 0.25)
      (net 1 "Net-(C2-Pad1)"))
    (pad 11 smd roundrect (at 0.75 1.9375 180) (size 0.25 0.825) (layers F.Cu F.Paste F.Mask) (roundrect_rratio 0.25)
      (net 1 "Net-(C2-Pad1)"))
    (pad 12 smd roundrect (at 1.25 1.9375 180) (size 0.25 0.825) (layers F.Cu F.Paste F.Mask) (roundrect_rratio 0.25)
      (net 12 "Net-(U1-Pad12)"))
    (pad 13 smd roundrect (at 1.9375 1.25 180) (size 0.825 0.25) (layers F.Cu F.Paste F.Mask) (roundrect_rratio 0.25)
      (net 13 "Net-(D2-Pad1)"))
    (pad 14 smd roundrect (at 1.9375 0.75 180) (size 0.825 0.25) (layers F.Cu F.Paste F.Mask) (roundrect_rratio 0.25)
      (net 13 "Net-(D2-Pad1)"))
    (pad 15 smd roundrect (at 1.9375 0.25 180) (size 0.825 0.25) (layers F.Cu F.Paste F.Mask) (roundrect_rratio 0.25)
      (net 6 VNEG))
    (pad 16 smd roundrect (at 1.9375 -0.25 180) (size 0.825 0.25) (layers F.Cu F.Paste F.Mask) (roundrect_rratio 0.25)
      (net 7 "Net-(C7-Pad1)"))
    (pad 17 smd roundrect (at 1.9375 -0.75 180) (size 0.825 0.25) (layers F.Cu F.Paste F.Mask) (roundrect_rratio 0.25)
      (net 8 "Net-(C6-Pad1)"))
    (pad 18 smd roundrect (at 1.9375 -1.25 180) (size 0.825 0.25) (layers F.Cu F.Paste F.Mask) (roundrect_rratio 0.25)
      (net 14 "Net-(C8-Pad1)"))
    (pad 19 smd roundrect (at 1.25 -1.9375 180) (size 0.25 0.825) (layers F.Cu F.Paste F.Mask) (roundrect_rratio 0.25)
      (net 3 GND))
    (pad 20 smd roundrect (at 0.75 -1.9375 180) (size 0.25 0.825) (layers F.Cu F.Paste F.Mask) (roundrect_rratio 0.25)
      (net 15 "Net-(U1-Pad20)"))
    (pad 21 smd roundrect (at 0.25 -1.9375 180) (size 0.25 0.825) (layers F.Cu F.Paste F.Mask) (roundrect_rratio 0.25)
      (net 16 "Net-(C5-Pad1)"))
    (pad 22 smd roundrect (at -0.25 -1.9375 180) (size 0.25 0.825) (layers F.Cu F.Paste F.Mask) (roundrect_rratio 0.25)
      (net 4 "Net-(C9-Pad2)"))
    (pad 23 smd roundrect (at -0.75 -1.9375 180) (size 0.25 0.825) (layers F.Cu F.Paste F.Mask) (roundrect_rratio 0.25)
      (net 5 VPOS))
    (pad 24 smd roundrect (at -1.25 -1.9375 180) (size 0.25 0.825) (layers F.Cu F.Paste F.Mask) (roundrect_rratio 0.25)
      (net 10 "Net-(D1-Pad2)"))
    (model ${KISYS3DMOD}/Package_DFN_QFN.3dshapes/QFN-24-1EP_4x4mm_P0.5mm_EP2.6x2.6mm.wrl
      (at (xyz 0 0 0))
      (scale (xyz 1 1 1))
      (rotate (xyz 0 0 0))
    )
  )

  (module Capacitor_SMD:C_1210_3225Metric (layer F.Cu) (tedit 5B301BBE) (tstamp 5B8F1898)
    (at 112.649 97.031 270)
    (descr "Capacitor SMD 1210 (3225 Metric), square (rectangular) end terminal, IPC_7351 nominal, (Body size source: http://www.tortai-tech.com/upload/download/2011102023233369053.pdf), generated with kicad-footprint-generator")
    (tags capacitor)
    (path /5B82C091)
    (attr smd)
    (fp_text reference C17 (at -3.051 0) (layer F.SilkS)
      (effects (font (size 1 1) (thickness 0.15)))
    )
    (fp_text value 4.7uF (at 0 2.28 270) (layer F.Fab)
      (effects (font (size 1 1) (thickness 0.15)))
    )
    (fp_line (start -1.6 1.25) (end -1.6 -1.25) (layer F.Fab) (width 0.1))
    (fp_line (start -1.6 -1.25) (end 1.6 -1.25) (layer F.Fab) (width 0.1))
    (fp_line (start 1.6 -1.25) (end 1.6 1.25) (layer F.Fab) (width 0.1))
    (fp_line (start 1.6 1.25) (end -1.6 1.25) (layer F.Fab) (width 0.1))
    (fp_line (start -0.602064 -1.36) (end 0.602064 -1.36) (layer F.SilkS) (width 0.12))
    (fp_line (start -0.602064 1.36) (end 0.602064 1.36) (layer F.SilkS) (width 0.12))
    (fp_line (start -2.28 1.58) (end -2.28 -1.58) (layer F.CrtYd) (width 0.05))
    (fp_line (start -2.28 -1.58) (end 2.28 -1.58) (layer F.CrtYd) (width 0.05))
    (fp_line (start 2.28 -1.58) (end 2.28 1.58) (layer F.CrtYd) (width 0.05))
    (fp_line (start 2.28 1.58) (end -2.28 1.58) (layer F.CrtYd) (width 0.05))
    (fp_text user %R (at 0 0 270) (layer F.Fab)
      (effects (font (size 0.8 0.8) (thickness 0.12)))
    )
    (pad 1 smd roundrect (at -1.4 0 270) (size 1.25 2.65) (layers F.Cu F.Paste F.Mask) (roundrect_rratio 0.2)
      (net 6 VNEG))
    (pad 2 smd roundrect (at 1.4 0 270) (size 1.25 2.65) (layers F.Cu F.Paste F.Mask) (roundrect_rratio 0.2)
      (net 3 GND))
    (model ${KISYS3DMOD}/Capacitor_SMD.3dshapes/C_1210_3225Metric.wrl
      (at (xyz 0 0 0))
      (scale (xyz 1 1 1))
      (rotate (xyz 0 0 0))
    )
  )

  (module Resistor_SMD:R_0603_1608Metric (layer F.Cu) (tedit 5B301BBD) (tstamp 5B8F1743)
    (at 130.1495 105.918 180)
    (descr "Resistor SMD 0603 (1608 Metric), square (rectangular) end terminal, IPC_7351 nominal, (Body size source: http://www.tortai-tech.com/upload/download/2011102023233369053.pdf), generated with kicad-footprint-generator")
    (tags resistor)
    (path /5B7D3165)
    (attr smd)
    (fp_text reference R5 (at -2.1845 -0.127 90) (layer F.SilkS)
      (effects (font (size 1 1) (thickness 0.15)))
    )
    (fp_text value 130K (at 0 1.43 180) (layer F.Fab)
      (effects (font (size 1 1) (thickness 0.15)))
    )
    (fp_text user %R (at 0 0 180) (layer F.Fab)
      (effects (font (size 0.4 0.4) (thickness 0.06)))
    )
    (fp_line (start 1.48 0.73) (end -1.48 0.73) (layer F.CrtYd) (width 0.05))
    (fp_line (start 1.48 -0.73) (end 1.48 0.73) (layer F.CrtYd) (width 0.05))
    (fp_line (start -1.48 -0.73) (end 1.48 -0.73) (layer F.CrtYd) (width 0.05))
    (fp_line (start -1.48 0.73) (end -1.48 -0.73) (layer F.CrtYd) (width 0.05))
    (fp_line (start -0.162779 0.51) (end 0.162779 0.51) (layer F.SilkS) (width 0.12))
    (fp_line (start -0.162779 -0.51) (end 0.162779 -0.51) (layer F.SilkS) (width 0.12))
    (fp_line (start 0.8 0.4) (end -0.8 0.4) (layer F.Fab) (width 0.1))
    (fp_line (start 0.8 -0.4) (end 0.8 0.4) (layer F.Fab) (width 0.1))
    (fp_line (start -0.8 -0.4) (end 0.8 -0.4) (layer F.Fab) (width 0.1))
    (fp_line (start -0.8 0.4) (end -0.8 -0.4) (layer F.Fab) (width 0.1))
    (pad 2 smd roundrect (at 0.7875 0 180) (size 0.875 0.95) (layers F.Cu F.Paste F.Mask) (roundrect_rratio 0.25)
      (net 3 GND))
    (pad 1 smd roundrect (at -0.7875 0 180) (size 0.875 0.95) (layers F.Cu F.Paste F.Mask) (roundrect_rratio 0.25)
      (net 4 "Net-(C9-Pad2)"))
    (model ${KISYS3DMOD}/Resistor_SMD.3dshapes/R_0603_1608Metric.wrl
      (at (xyz 0 0 0))
      (scale (xyz 1 1 1))
      (rotate (xyz 0 0 0))
    )
  )

  (module Resistor_SMD:R_0603_1608Metric (layer F.Cu) (tedit 5B301BBD) (tstamp 5B8F1776)
    (at 126.7715 101.346 180)
    (descr "Resistor SMD 0603 (1608 Metric), square (rectangular) end terminal, IPC_7351 nominal, (Body size source: http://www.tortai-tech.com/upload/download/2011102023233369053.pdf), generated with kicad-footprint-generator")
    (tags resistor)
    (path /5B7C9E75)
    (attr smd)
    (fp_text reference R2 (at 2.4385 0 180) (layer F.SilkS)
      (effects (font (size 1 1) (thickness 0.15)))
    )
    (fp_text value 130K (at 0 1.43 180) (layer F.Fab)
      (effects (font (size 1 1) (thickness 0.15)))
    )
    (fp_line (start -0.8 0.4) (end -0.8 -0.4) (layer F.Fab) (width 0.1))
    (fp_line (start -0.8 -0.4) (end 0.8 -0.4) (layer F.Fab) (width 0.1))
    (fp_line (start 0.8 -0.4) (end 0.8 0.4) (layer F.Fab) (width 0.1))
    (fp_line (start 0.8 0.4) (end -0.8 0.4) (layer F.Fab) (width 0.1))
    (fp_line (start -0.162779 -0.51) (end 0.162779 -0.51) (layer F.SilkS) (width 0.12))
    (fp_line (start -0.162779 0.51) (end 0.162779 0.51) (layer F.SilkS) (width 0.12))
    (fp_line (start -1.48 0.73) (end -1.48 -0.73) (layer F.CrtYd) (width 0.05))
    (fp_line (start -1.48 -0.73) (end 1.48 -0.73) (layer F.CrtYd) (width 0.05))
    (fp_line (start 1.48 -0.73) (end 1.48 0.73) (layer F.CrtYd) (width 0.05))
    (fp_line (start 1.48 0.73) (end -1.48 0.73) (layer F.CrtYd) (width 0.05))
    (fp_text user %R (at 0 0 180) (layer F.Fab)
      (effects (font (size 0.4 0.4) (thickness 0.06)))
    )
    (pad 1 smd roundrect (at -0.7875 0 180) (size 0.875 0.95) (layers F.Cu F.Paste F.Mask) (roundrect_rratio 0.25)
      (net 8 "Net-(C6-Pad1)"))
    (pad 2 smd roundrect (at 0.7875 0 180) (size 0.875 0.95) (layers F.Cu F.Paste F.Mask) (roundrect_rratio 0.25)
      (net 7 "Net-(C7-Pad1)"))
    (model ${KISYS3DMOD}/Resistor_SMD.3dshapes/R_0603_1608Metric.wrl
      (at (xyz 0 0 0))
      (scale (xyz 1 1 1))
      (rotate (xyz 0 0 0))
    )
  )

  (module Capacitor_SMD:C_1210_3225Metric (layer F.Cu) (tedit 5B301BBE) (tstamp 5B8F1887)
    (at 116.332 108.969 90)
    (descr "Capacitor SMD 1210 (3225 Metric), square (rectangular) end terminal, IPC_7351 nominal, (Body size source: http://www.tortai-tech.com/upload/download/2011102023233369053.pdf), generated with kicad-footprint-generator")
    (tags capacitor)
    (path /5B80BA72)
    (attr smd)
    (fp_text reference C18 (at -2.918 0 180) (layer F.SilkS)
      (effects (font (size 1 1) (thickness 0.15)))
    )
    (fp_text value 4.7uF (at 0 2.28 90) (layer F.Fab)
      (effects (font (size 1 1) (thickness 0.15)))
    )
    (fp_text user %R (at 0 0 90) (layer F.Fab)
      (effects (font (size 0.8 0.8) (thickness 0.12)))
    )
    (fp_line (start 2.28 1.58) (end -2.28 1.58) (layer F.CrtYd) (width 0.05))
    (fp_line (start 2.28 -1.58) (end 2.28 1.58) (layer F.CrtYd) (width 0.05))
    (fp_line (start -2.28 -1.58) (end 2.28 -1.58) (layer F.CrtYd) (width 0.05))
    (fp_line (start -2.28 1.58) (end -2.28 -1.58) (layer F.CrtYd) (width 0.05))
    (fp_line (start -0.602064 1.36) (end 0.602064 1.36) (layer F.SilkS) (width 0.12))
    (fp_line (start -0.602064 -1.36) (end 0.602064 -1.36) (layer F.SilkS) (width 0.12))
    (fp_line (start 1.6 1.25) (end -1.6 1.25) (layer F.Fab) (width 0.1))
    (fp_line (start 1.6 -1.25) (end 1.6 1.25) (layer F.Fab) (width 0.1))
    (fp_line (start -1.6 -1.25) (end 1.6 -1.25) (layer F.Fab) (width 0.1))
    (fp_line (start -1.6 1.25) (end -1.6 -1.25) (layer F.Fab) (width 0.1))
    (pad 2 smd roundrect (at 1.4 0 90) (size 1.25 2.65) (layers F.Cu F.Paste F.Mask) (roundrect_rratio 0.2)
      (net 3 GND))
    (pad 1 smd roundrect (at -1.4 0 90) (size 1.25 2.65) (layers F.Cu F.Paste F.Mask) (roundrect_rratio 0.2)
      (net 5 VPOS))
    (model ${KISYS3DMOD}/Capacitor_SMD.3dshapes/C_1210_3225Metric.wrl
      (at (xyz 0 0 0))
      (scale (xyz 1 1 1))
      (rotate (xyz 0 0 0))
    )
  )

  (module Resistor_SMD:R_0603_1608Metric (layer F.Cu) (tedit 5B301BBD) (tstamp 5B8F1754)
    (at 130.937 108.3565 90)
    (descr "Resistor SMD 0603 (1608 Metric), square (rectangular) end terminal, IPC_7351 nominal, (Body size source: http://www.tortai-tech.com/upload/download/2011102023233369053.pdf), generated with kicad-footprint-generator")
    (tags resistor)
    (path /5B7D30D8)
    (attr smd)
    (fp_text reference R4 (at -2.2605 0.381 180) (layer F.SilkS)
      (effects (font (size 1 1) (thickness 0.15)))
    )
    (fp_text value 536K (at 0 1.43 90) (layer F.Fab)
      (effects (font (size 1 1) (thickness 0.15)))
    )
    (fp_line (start -0.8 0.4) (end -0.8 -0.4) (layer F.Fab) (width 0.1))
    (fp_line (start -0.8 -0.4) (end 0.8 -0.4) (layer F.Fab) (width 0.1))
    (fp_line (start 0.8 -0.4) (end 0.8 0.4) (layer F.Fab) (width 0.1))
    (fp_line (start 0.8 0.4) (end -0.8 0.4) (layer F.Fab) (width 0.1))
    (fp_line (start -0.162779 -0.51) (end 0.162779 -0.51) (layer F.SilkS) (width 0.12))
    (fp_line (start -0.162779 0.51) (end 0.162779 0.51) (layer F.SilkS) (width 0.12))
    (fp_line (start -1.48 0.73) (end -1.48 -0.73) (layer F.CrtYd) (width 0.05))
    (fp_line (start -1.48 -0.73) (end 1.48 -0.73) (layer F.CrtYd) (width 0.05))
    (fp_line (start 1.48 -0.73) (end 1.48 0.73) (layer F.CrtYd) (width 0.05))
    (fp_line (start 1.48 0.73) (end -1.48 0.73) (layer F.CrtYd) (width 0.05))
    (fp_text user %R (at 0 0 90) (layer F.Fab)
      (effects (font (size 0.4 0.4) (thickness 0.06)))
    )
    (pad 1 smd roundrect (at -0.7875 0 90) (size 0.875 0.95) (layers F.Cu F.Paste F.Mask) (roundrect_rratio 0.25)
      (net 5 VPOS))
    (pad 2 smd roundrect (at 0.7875 0 90) (size 0.875 0.95) (layers F.Cu F.Paste F.Mask) (roundrect_rratio 0.25)
      (net 4 "Net-(C9-Pad2)"))
    (model ${KISYS3DMOD}/Resistor_SMD.3dshapes/R_0603_1608Metric.wrl
      (at (xyz 0 0 0))
      (scale (xyz 1 1 1))
      (rotate (xyz 0 0 0))
    )
  )

  (module Inductor_SMD:L_7.3x7.3_H3.5 (layer F.Cu) (tedit 5990349C) (tstamp 5B8F1811)
    (at 130.175 89.002 90)
    (descr "Choke, SMD, 7.3x7.3mm 3.5mm height")
    (tags "Choke SMD")
    (path /5B7EA136)
    (attr smd)
    (fp_text reference L2 (at -3.073 -4.826 180) (layer F.SilkS)
      (effects (font (size 1 1) (thickness 0.15)))
    )
    (fp_text value 3.3uH (at 0 4.45 90) (layer F.Fab)
      (effects (font (size 1 1) (thickness 0.15)))
    )
    (fp_text user %R (at 0 -0.025001 90) (layer F.Fab)
      (effects (font (size 1 1) (thickness 0.15)))
    )
    (fp_line (start 3.7 1.4) (end 3.7 3.7) (layer F.SilkS) (width 0.12))
    (fp_line (start 3.7 3.7) (end -3.7 3.7) (layer F.SilkS) (width 0.12))
    (fp_line (start -3.7 3.7) (end -3.7 1.4) (layer F.SilkS) (width 0.12))
    (fp_line (start -3.7 -1.4) (end -3.7 -3.7) (layer F.SilkS) (width 0.12))
    (fp_line (start -3.7 -3.7) (end 3.7 -3.7) (layer F.SilkS) (width 0.12))
    (fp_line (start 3.7 -3.7) (end 3.7 -1.4) (layer F.SilkS) (width 0.12))
    (fp_line (start -4.2 -3.9) (end -4.2 3.9) (layer F.CrtYd) (width 0.05))
    (fp_line (start -4.2 3.9) (end 4.2 3.9) (layer F.CrtYd) (width 0.05))
    (fp_line (start 4.2 3.9) (end 4.2 -3.9) (layer F.CrtYd) (width 0.05))
    (fp_line (start 4.2 -3.9) (end -4.2 -3.9) (layer F.CrtYd) (width 0.05))
    (fp_line (start 3.65 3.65) (end 3.65 1.4) (layer F.Fab) (width 0.1))
    (fp_line (start 3.65 -3.65) (end 3.65 -1.4) (layer F.Fab) (width 0.1))
    (fp_line (start -3.65 3.65) (end -3.65 1.4) (layer F.Fab) (width 0.1))
    (fp_line (start -3.65 -3.65) (end -3.65 -1.4) (layer F.Fab) (width 0.1))
    (fp_line (start 3.65 3.65) (end -3.65 3.65) (layer F.Fab) (width 0.1))
    (fp_line (start -3.65 -3.65) (end 3.65 -3.65) (layer F.Fab) (width 0.1))
    (fp_arc (start 0 0) (end 2.29 2.29) (angle 90) (layer F.Fab) (width 0.1))
    (fp_arc (start 0 0) (end -2.29 -2.29) (angle 90) (layer F.Fab) (width 0.1))
    (pad 1 smd rect (at -3.2 0 90) (size 1.5 2.2) (layers F.Cu F.Paste F.Mask)
      (net 13 "Net-(D2-Pad1)"))
    (pad 2 smd rect (at 3.2 0 90) (size 1.5 2.2) (layers F.Cu F.Paste F.Mask)
      (net 3 GND))
    (model ${KISYS3DMOD}/Inductor_SMD.3dshapes/L_7.3x7.3_H3.5.wrl
      (at (xyz 0 0 0))
      (scale (xyz 1 1 1))
      (rotate (xyz 0 0 0))
    )
  )

  (module Capacitor_SMD:C_1210_3225Metric (layer F.Cu) (tedit 5B301BBE) (tstamp 5B8F18CB)
    (at 122.936 108.969 90)
    (descr "Capacitor SMD 1210 (3225 Metric), square (rectangular) end terminal, IPC_7351 nominal, (Body size source: http://www.tortai-tech.com/upload/download/2011102023233369053.pdf), generated with kicad-footprint-generator")
    (tags capacitor)
    (path /5B80B9D4)
    (attr smd)
    (fp_text reference C14 (at -2.791 0 180) (layer F.SilkS)
      (effects (font (size 1 1) (thickness 0.15)))
    )
    (fp_text value 4.7uF (at 0 2.28 90) (layer F.Fab)
      (effects (font (size 1 1) (thickness 0.15)))
    )
    (fp_text user %R (at 0 0 90) (layer F.Fab)
      (effects (font (size 0.8 0.8) (thickness 0.12)))
    )
    (fp_line (start 2.28 1.58) (end -2.28 1.58) (layer F.CrtYd) (width 0.05))
    (fp_line (start 2.28 -1.58) (end 2.28 1.58) (layer F.CrtYd) (width 0.05))
    (fp_line (start -2.28 -1.58) (end 2.28 -1.58) (layer F.CrtYd) (width 0.05))
    (fp_line (start -2.28 1.58) (end -2.28 -1.58) (layer F.CrtYd) (width 0.05))
    (fp_line (start -0.602064 1.36) (end 0.602064 1.36) (layer F.SilkS) (width 0.12))
    (fp_line (start -0.602064 -1.36) (end 0.602064 -1.36) (layer F.SilkS) (width 0.12))
    (fp_line (start 1.6 1.25) (end -1.6 1.25) (layer F.Fab) (width 0.1))
    (fp_line (start 1.6 -1.25) (end 1.6 1.25) (layer F.Fab) (width 0.1))
    (fp_line (start -1.6 -1.25) (end 1.6 -1.25) (layer F.Fab) (width 0.1))
    (fp_line (start -1.6 1.25) (end -1.6 -1.25) (layer F.Fab) (width 0.1))
    (pad 2 smd roundrect (at 1.4 0 90) (size 1.25 2.65) (layers F.Cu F.Paste F.Mask) (roundrect_rratio 0.2)
      (net 3 GND))
    (pad 1 smd roundrect (at -1.4 0 90) (size 1.25 2.65) (layers F.Cu F.Paste F.Mask) (roundrect_rratio 0.2)
      (net 5 VPOS))
    (model ${KISYS3DMOD}/Capacitor_SMD.3dshapes/C_1210_3225Metric.wrl
      (at (xyz 0 0 0))
      (scale (xyz 1 1 1))
      (rotate (xyz 0 0 0))
    )
  )

  (module Connector_USB:USB_C_Receptacle_Amphenol_12401548E4-2A (layer F.Cu) (tedit 5A142044) (tstamp 5B8F1865)
    (at 150.241 92.075 90)
    (descr "USB TYPE C, RA RCPT PCB, Hybrid, https://www.amphenolcanada.com/StockAvailabilityPrice.aspx?From=&PartNum=12401548E4%7e2A")
    (tags "USB C Type-C Receptacle Hybrid")
    (path /5B8108A3)
    (attr smd)
    (fp_text reference J1 (at -5.588 -4.699 180) (layer F.SilkS)
      (effects (font (size 1 1) (thickness 0.15)))
    )
    (fp_text value USB_C_Receptacle (at 0 6.14 90) (layer F.Fab)
      (effects (font (size 1 1) (thickness 0.15)))
    )
    (fp_text user %R (at 0 0 90) (layer F.Fab)
      (effects (font (size 1 1) (thickness 0.1)))
    )
    (fp_line (start -5.39 5.73) (end -5.39 -5.87) (layer F.CrtYd) (width 0.05))
    (fp_line (start 5.39 5.73) (end -5.39 5.73) (layer F.CrtYd) (width 0.05))
    (fp_line (start 5.39 -5.87) (end 5.39 5.73) (layer F.CrtYd) (width 0.05))
    (fp_line (start -5.39 -5.87) (end 5.39 -5.87) (layer F.CrtYd) (width 0.05))
    (fp_line (start 4.6 5.23) (end 4.6 -5.22) (layer F.Fab) (width 0.1))
    (fp_line (start -4.6 5.23) (end 4.6 5.23) (layer F.Fab) (width 0.1))
    (fp_line (start 3.25 -5.37) (end 4.75 -5.37) (layer F.SilkS) (width 0.12))
    (fp_line (start 4.75 -5.37) (end 4.75 1.89) (layer F.SilkS) (width 0.12))
    (fp_line (start -4.75 -5.37) (end -4.75 1.89) (layer F.SilkS) (width 0.12))
    (fp_line (start -4.75 -5.37) (end -3.25 -5.37) (layer F.SilkS) (width 0.12))
    (fp_line (start -4.6 -5.22) (end 4.6 -5.22) (layer F.Fab) (width 0.1))
    (fp_line (start -4.6 5.23) (end -4.6 -5.22) (layer F.Fab) (width 0.1))
    (pad S1 thru_hole oval (at -4.13 -3.11 90) (size 0.8 1.4) (drill oval 0.5 1.1) (layers *.Cu *.Mask)
      (net 3 GND))
    (pad A1 smd rect (at -2.75 -5.02 90) (size 0.3 0.7) (layers F.Cu F.Paste F.Mask)
      (net 3 GND))
    (pad A2 smd rect (at -2.25 -5.02 90) (size 0.3 0.7) (layers F.Cu F.Paste F.Mask)
      (net 18 "Net-(J1-PadA2)"))
    (pad A3 smd rect (at -1.75 -5.02 90) (size 0.3 0.7) (layers F.Cu F.Paste F.Mask)
      (net 19 "Net-(J1-PadA3)"))
    (pad A4 smd rect (at -1.25 -5.02 90) (size 0.3 0.7) (layers F.Cu F.Paste F.Mask)
      (net 2 VIN))
    (pad A5 smd rect (at -0.75 -5.02 90) (size 0.3 0.7) (layers F.Cu F.Paste F.Mask)
      (net 20 "Net-(J1-PadA5)"))
    (pad A6 smd rect (at -0.25 -5.02 90) (size 0.3 0.7) (layers F.Cu F.Paste F.Mask)
      (net 21 "Net-(J1-PadA6)"))
    (pad A7 smd rect (at 0.25 -5.02 90) (size 0.3 0.7) (layers F.Cu F.Paste F.Mask)
      (net 22 "Net-(J1-PadA7)"))
    (pad A12 smd rect (at 2.75 -5.02 90) (size 0.3 0.7) (layers F.Cu F.Paste F.Mask)
      (net 3 GND))
    (pad A10 smd rect (at 1.75 -5.02 90) (size 0.3 0.7) (layers F.Cu F.Paste F.Mask)
      (net 23 "Net-(J1-PadA10)"))
    (pad A9 smd rect (at 1.25 -5.02 90) (size 0.3 0.7) (layers F.Cu F.Paste F.Mask)
      (net 2 VIN))
    (pad A8 smd rect (at 0.75 -5.02 90) (size 0.3 0.7) (layers F.Cu F.Paste F.Mask)
      (net 24 "Net-(J1-PadA8)"))
    (pad A11 smd rect (at 2.25 -5.02 90) (size 0.3 0.7) (layers F.Cu F.Paste F.Mask)
      (net 25 "Net-(J1-PadA11)"))
    (pad S1 thru_hole oval (at 4.13 -3.11 90) (size 0.8 1.4) (drill oval 0.5 1.1) (layers *.Cu *.Mask)
      (net 3 GND))
    (pad S1 thru_hole oval (at 4.49 2.84 90) (size 0.8 1.4) (drill oval 0.5 1.1) (layers *.Cu *.Mask)
      (net 3 GND))
    (pad S1 thru_hole oval (at -4.49 2.84 90) (size 0.8 1.4) (drill oval 0.5 1.1) (layers *.Cu *.Mask)
      (net 3 GND))
    (pad "" np_thru_hole oval (at 3.6 -4.36 90) (size 0.95 0.65) (drill oval 0.95 0.65) (layers *.Cu *.Mask))
    (pad "" np_thru_hole circle (at -3.6 -4.36 90) (size 0.65 0.65) (drill 0.65) (layers *.Cu *.Mask))
    (pad B1 thru_hole circle (at 2.8 -3.71 90) (size 0.65 0.65) (drill 0.4) (layers *.Cu *.Mask)
      (net 3 GND))
    (pad B4 thru_hole circle (at 1.2 -3.71 90) (size 0.65 0.65) (drill 0.4) (layers *.Cu *.Mask)
      (net 2 VIN))
    (pad B6 thru_hole circle (at 0.4 -3.71 90) (size 0.65 0.65) (drill 0.4) (layers *.Cu *.Mask)
      (net 26 "Net-(J1-PadB6)"))
    (pad B7 thru_hole circle (at -0.4 -3.71 90) (size 0.65 0.65) (drill 0.4) (layers *.Cu *.Mask)
      (net 27 "Net-(J1-PadB7)"))
    (pad B9 thru_hole circle (at -1.2 -3.71 90) (size 0.65 0.65) (drill 0.4) (layers *.Cu *.Mask)
      (net 2 VIN))
    (pad B12 thru_hole circle (at -2.8 -3.71 90) (size 0.65 0.65) (drill 0.4) (layers *.Cu *.Mask)
      (net 3 GND))
    (pad B2 thru_hole circle (at 2.4 -3.01 90) (size 0.65 0.65) (drill 0.4) (layers *.Cu *.Mask)
      (net 28 "Net-(J1-PadB2)"))
    (pad B3 thru_hole circle (at 1.6 -3.01 90) (size 0.65 0.65) (drill 0.4) (layers *.Cu *.Mask)
      (net 29 "Net-(J1-PadB3)"))
    (pad B5 thru_hole circle (at 0.8 -3.01 90) (size 0.65 0.65) (drill 0.4) (layers *.Cu *.Mask)
      (net 30 "Net-(J1-PadB5)"))
    (pad B8 thru_hole circle (at -0.8 -3.01 90) (size 0.65 0.65) (drill 0.4) (layers *.Cu *.Mask)
      (net 31 "Net-(J1-PadB8)"))
    (pad B10 thru_hole circle (at -1.6 -3.01 90) (size 0.65 0.65) (drill 0.4) (layers *.Cu *.Mask)
      (net 32 "Net-(J1-PadB10)"))
    (pad B11 thru_hole circle (at -2.4 -3.01 90) (size 0.65 0.65) (drill 0.4) (layers *.Cu *.Mask)
      (net 33 "Net-(J1-PadB11)"))
    (model ${KISYS3DMOD}/Connector_USB.3dshapes/USB_C_Receptacle_Amphenol_12401548E4-2A.wrl
      (at (xyz 0 0 0))
      (scale (xyz 1 1 1))
      (rotate (xyz 0 0 0))
    )
  )

  (module Capacitor_SMD:C_1210_3225Metric (layer F.Cu) (tedit 5B301BBE) (tstamp 5B8F1876)
    (at 119.253 97.031 270)
